eig =
 
         -20948643680685632574320667525120
                -1403397397323247748382720
                      -7473314751183876096
                       -4220435725262341/2
                       -1153464133980675/4
                        -10749050442123/64
                   -3264304043641529/32768
              -2454522814860061/1073741824
           -4708362198289765/4398046511104
           -1109579868437651/2199023255552
        -7297486186486109/1125899906842624
       -5674501231123629/72057594037927936
 -40041655499571/4835703278458516698824704
        5674501231137025/72057594037927936
         7297486186485947/1125899906842624
              277394967109093/549755813888
            4708362198290309/4398046511104
               4909045629720123/2147483648
                      3902189566895497/128
                          3698776950501270
                         20693291275328008
                       7473312689371213824
                     131905398377866854400
                 1403397397321705049817088
                27592126545671062957326336
          20948643680685623567121412784128
         628411714001274168237100785205248
 